[[[  6,   0,   0],
  [  6,   0,   0],
  [  8,   0,   0],
  ...,
  [104,  11,  65],
  [104,  11,  65],
  [104,  11,  65]],

 [[  5,   0,   0],
  [  6,   0,   0],
  [  6,   0,   0],
  ...,
  [105,  12,  66],
  [105,  12,  66],
  [105,  12,  66]],

 [[  5,   0,   0],
  [  5,   0,   0],
  [  5,   0,   0],
  ...,
  [107,  14,  68],
  [107,  14,  68],
  [107,  14,  68]],

 ...,

 [[ 77,  44,  62],
  [ 75,  42,  60],
  [ 75,  42,  60],
  ...,
  [  0,   0,   0],
  [  0,   0,   0],
  [  0,   0,   0]],

 [[ 84,  51,  69],
  [ 83,  50,  68],
  [ 81,  48,  66],
  ...,
  [  0,   0,   0],
  [  0,   0,   0],
  [  0,   0,   0]],

 [[ 89,  56,  74],
  [ 87,  54,  72],
  [ 86,  53,  71],
  ...,
  [  0,   0,   0],
  [  0,   0,   0],
  [  0,   0,   0]]]