[[[ 47,  34,  32],
  [ 47,  34,  32],
  [ 47,  34,  32],
  ...,
  [112,  50,  86],
  [112,  50,  86],
  [112,  50,  86]],

 [[ 47,  34,  32],
  [ 47,  34,  32],
  [ 47,  34,  32],
  ...,
  [112,  50,  86],
  [112,  50,  86],
  [112,  50,  86]],

 [[ 46,  33,  31],
  [ 46,  33,  31],
  [ 47,  34,  32],
  ...,
  [113,  51,  87],
  [113,  51,  87],
  [113,  51,  87]],

 ...,

 [[ 99,  77,  89],
  [ 99,  77,  89],
  [ 98,  76,  88],
  ...,
  [  8,   8,   8],
  [  8,   8,   8],
  [  8,   8,   8]],

 [[ 99,  77,  89],
  [ 99,  77,  89],
  [ 98,  76,  88],
  ...,
  [  8,   8,   8],
  [  8,   8,   8],
  [  8,   8,   8]],

 [[102,  80,  92],
  [102,  80,  92],
  [101,  79,  91],
  ...,
  [  8,   8,   8],
  [  8,   8,   8],
  [  8,   8,   8]]]